param n := 150;
param s := 116;
param t := 32;
set A :=
1 48 
1 77 
1 101 
1 134 
2 130 
2 141 
3 46 
4 15 
4 102 
4 122 
5 52 
6 50 
6 66 
6 110 
7 19 
7 26 
7 36 
7 41 
7 89 
7 101 
8 33 
8 36 
8 54 
8 65 
8 66 
8 70 
8 87 
8 109 
8 114 
9 85 
9 126 
9 134 
9 145 
10 23 
10 134 
11 5 
11 39 
11 54 
11 103 
11 143 
12 110 
13 25 
13 31 
13 51 
13 105 
14 23 
14 61 
14 71 
14 80 
14 83 
14 106 
14 122 
14 138 
15 52 
15 93 
16 26 
16 29 
16 76 
16 103 
16 146 
17 34 
17 39 
17 75 
17 124 
18 46 
18 134 
18 143 
19 90 
19 114 
20 17 
20 34 
20 43 
20 77 
20 106 
20 111 
21 18 
21 36 
21 70 
22 23 
22 71 
22 75 
23 58 
24 6 
24 28 
24 62 
24 64 
24 87 
25 38 
25 106 
26 1 
26 25 
26 50 
26 91 
27 2 
27 29 
27 73 
27 79 
27 150 
28 67 
29 72 
30 8 
31 57 
31 65 
31 123 
31 126 
33 77 
33 107 
34 24 
34 50 
35 1 
35 8 
35 31 
35 50 
35 51 
35 62 
36 13 
36 38 
36 110 
37 61 
38 4 
38 19 
38 107 
38 109 
39 121 
40 47 
41 75 
41 98 
41 119 
41 120 
41 143 
42 118 
43 3 
43 7 
43 83 
43 117 
44 32 
44 45 
44 146 
45 4 
45 23 
45 148 
46 17 
47 118 
47 130 
47 149 
48 42 
48 63 
48 122 
49 23 
49 36 
49 92 
49 129 
49 145 
49 149 
50 20 
50 130 
51 60 
51 105 
51 106 
51 123 
51 128 
52 11 
52 67 
52 100 
53 40 
53 47 
53 48 
54 131 
55 38 
55 40 
55 80 
55 127 
56 44 
56 106 
56 120 
57 72 
58 44 
58 50 
58 64 
59 9 
59 45 
60 13 
61 16 
61 22 
61 108 
61 132 
61 145 
62 91 
62 114 
63 125 
64 1 
64 12 
64 50 
64 86 
64 91 
64 100 
65 16 
65 50 
65 71 
65 109 
65 125 
65 138 
65 149 
67 32 
67 124 
67 131 
68 133 
68 140 
69 9 
69 53 
70 5 
70 134 
71 57 
71 79 
71 104 
71 123 
72 7 
72 17 
72 35 
72 84 
72 148 
73 93 
74 39 
74 43 
75 58 
75 147 
76 4 
76 115 
76 120 
76 128 
77 135 
78 84 
78 88 
78 97 
79 52 
79 68 
79 113 
81 52 
81 134 
82 147 
83 85 
84 74 
84 77 
84 112 
85 51 
85 53 
85 68 
85 143 
86 48 
86 58 
86 143 
87 63 
87 108 
87 140 
87 146 
88 77 
88 101 
88 148 
89 8 
89 58 
89 147 
90 76 
90 129 
90 141 
91 19 
91 28 
91 38 
91 90 
91 134 
92 10 
92 74 
92 90 
92 115 
93 27 
93 80 
93 132 
94 22 
94 25 
94 78 
94 147 
95 1 
96 104 
96 133 
97 101 
98 2 
98 11 
98 35 
98 36 
98 46 
98 67 
98 83 
98 126 
99 32 
99 53 
99 88 
100 26 
100 36 
100 96 
100 125 
101 14 
101 36 
101 67 
101 81 
101 89 
101 120 
102 19 
102 33 
102 78 
103 118 
104 31 
104 65 
104 76 
104 147 
105 58 
105 60 
105 77 
106 36 
106 42 
106 133 
107 7 
107 26 
107 95 
109 5 
109 32 
109 137 
110 27 
110 52 
111 50 
111 73 
111 74 
111 103 
111 139 
112 65 
113 1 
113 22 
113 63 
113 67 
113 142 
113 147 
114 57 
115 43 
115 47 
115 54 
115 58 
115 102 
115 139 
115 149 
115 150 
116 62 
117 3 
117 68 
117 69 
118 76 
118 123 
119 31 
119 50 
119 83 
119 91 
119 94 
119 113 
120 138 
120 142 
121 68 
122 29 
122 86 
122 144 
123 129 
124 36 
124 80 
124 84 
124 100 
124 136 
125 25 
125 107 
126 8 
126 23 
126 26 
127 67 
128 25 
128 111 
128 115 
129 18 
129 33 
129 49 
129 63 
129 94 
129 99 
129 137 
130 25 
130 88 
130 136 
131 5 
131 37 
131 63 
131 101 
132 20 
132 27 
132 55 
132 68 
132 84 
133 16 
133 64 
133 82 
134 58 
134 70 
134 141 
134 147 
135 4 
135 10 
135 45 
135 58 
135 88 
135 94 
135 111 
136 120 
138 35 
138 106 
139 62 
139 86 
140 40 
140 45 
140 52 
141 30 
141 47 
141 68 
141 71 
141 86 
141 138 
142 56 
142 69 
142 86 
142 89 
143 3 
143 26 
143 38 
143 136 
144 18 
144 57 
144 95 
145 11 
145 127 
146 6 
146 19 
146 74 
146 81 
146 137 
147 56 
147 59 
148 31 
148 39 
148 103 
148 142 
149 21 
149 60 
149 99 
149 101 
149 105 
150 11 
150 83 
150 126 
;
param: capacity:=
1 48 5.4 
1 77 7.1 
1 101 5.3 
1 134 7.5 
2 130 5.9 
2 141 4.4 
3 46 4.0 
4 15 5.4 
4 102 6.4 
4 122 5.6 
5 52 5.9 
6 50 3.4 
6 66 3.9 
6 110 7.8 
7 19 5.4 
7 26 7.8 
7 36 7.8 
7 41 9.2 
7 89 4.9 
7 101 9.5 
8 33 9.0 
8 36 7.0 
8 54 6.7 
8 65 9.5 
8 66 6.8 
8 70 6.3 
8 87 6.0 
8 109 3.6 
8 114 3.6 
9 85 6.2 
9 126 3.8 
9 134 9.6 
9 145 3.2 
10 23 4.3 
10 134 9.8 
11 5 5.1 
11 39 9.7 
11 54 5.0 
11 103 7.6 
11 143 3.2 
12 110 3.2 
13 25 9.7 
13 31 4.0 
13 51 8.0 
13 105 9.8 
14 23 6.3 
14 61 5.2 
14 71 6.8 
14 80 8.1 
14 83 3.3 
14 106 9.3 
14 122 9.8 
14 138 6.9 
15 52 5.0 
15 93 6.9 
16 26 5.0 
16 29 9.2 
16 76 8.4 
16 103 9.4 
16 146 7.2 
17 34 9.9 
17 39 3.1 
17 75 9.5 
17 124 9.2 
18 46 7.4 
18 134 7.0 
18 143 3.9 
19 90 9.2 
19 114 7.6 
20 17 4.9 
20 34 6.0 
20 43 5.0 
20 77 3.6 
20 106 8.3 
20 111 6.2 
21 18 5.8 
21 36 6.7 
21 70 7.7 
22 23 5.6 
22 71 8.4 
22 75 8.0 
23 58 4.8 
24 6 6.4 
24 28 9.5 
24 62 5.1 
24 64 4.6 
24 87 5.5 
25 38 9.3 
25 106 6.8 
26 1 9.4 
26 25 9.7 
26 50 6.2 
26 91 4.8 
27 2 8.5 
27 29 5.0 
27 73 4.2 
27 79 5.1 
27 150 3.2 
28 67 9.1 
29 72 6.4 
30 8 5.4 
31 57 6.0 
31 65 8.5 
31 123 6.4 
31 126 5.8 
33 77 3.6 
33 107 5.7 
34 24 4.0 
34 50 4.0 
35 1 4.3 
35 8 4.4 
35 31 7.0 
35 50 3.8 
35 51 9.2 
35 62 3.2 
36 13 3.4 
36 38 9.3 
36 110 8.0 
37 61 5.1 
38 4 6.1 
38 19 6.2 
38 107 6.9 
38 109 5.6 
39 121 3.7 
40 47 3.8 
41 75 6.7 
41 98 3.9 
41 119 4.4 
41 120 6.9 
41 143 9.0 
42 118 3.8 
43 3 5.6 
43 7 4.4 
43 83 9.3 
43 117 5.7 
44 32 8.1 
44 45 6.3 
44 146 8.0 
45 4 3.4 
45 23 7.8 
45 148 9.4 
46 17 6.6 
47 118 3.1 
47 130 4.8 
47 149 3.8 
48 42 3.4 
48 63 6.5 
48 122 7.7 
49 23 7.4 
49 36 3.1 
49 92 4.4 
49 129 8.6 
49 145 4.3 
49 149 3.7 
50 20 5.4 
50 130 4.6 
51 60 7.5 
51 105 9.9 
51 106 3.3 
51 123 5.3 
51 128 9.3 
52 11 5.9 
52 67 3.9 
52 100 3.7 
53 40 8.3 
53 47 3.8 
53 48 9.4 
54 131 5.6 
55 38 8.1 
55 40 4.7 
55 80 7.1 
55 127 3.7 
56 44 4.4 
56 106 8.7 
56 120 6.2 
57 72 7.1 
58 44 5.5 
58 50 4.3 
58 64 8.1 
59 9 6.9 
59 45 7.2 
60 13 6.6 
61 16 3.7 
61 22 4.8 
61 108 9.7 
61 132 3.9 
61 145 5.1 
62 91 3.9 
62 114 6.7 
63 125 9.8 
64 1 8.1 
64 12 7.2 
64 50 8.6 
64 86 9.3 
64 91 4.4 
64 100 5.4 
65 16 4.3 
65 50 9.6 
65 71 7.3 
65 109 5.4 
65 125 4.9 
65 138 8.5 
65 149 6.1 
67 32 3.8 
67 124 9.0 
67 131 3.7 
68 133 8.7 
68 140 8.4 
69 9 8.5 
69 53 3.2 
70 5 5.1 
70 134 7.8 
71 57 4.3 
71 79 8.1 
71 104 3.1 
71 123 3.0 
72 7 3.7 
72 17 6.1 
72 35 6.6 
72 84 3.8 
72 148 5.5 
73 93 3.8 
74 39 5.4 
74 43 7.3 
75 58 8.8 
75 147 9.4 
76 4 9.8 
76 115 7.1 
76 120 7.9 
76 128 4.1 
77 135 4.9 
78 84 8.9 
78 88 7.5 
78 97 8.1 
79 52 9.5 
79 68 4.2 
79 113 9.5 
81 52 4.6 
81 134 4.6 
82 147 9.7 
83 85 4.9 
84 74 5.9 
84 77 9.2 
84 112 8.6 
85 51 4.3 
85 53 5.8 
85 68 8.1 
85 143 6.4 
86 48 8.2 
86 58 4.0 
86 143 8.0 
87 63 9.2 
87 108 6.3 
87 140 5.5 
87 146 6.1 
88 77 9.8 
88 101 6.8 
88 148 4.5 
89 8 8.3 
89 58 5.3 
89 147 8.8 
90 76 3.9 
90 129 3.6 
90 141 3.9 
91 19 4.0 
91 28 5.9 
91 38 8.1 
91 90 4.4 
91 134 7.2 
92 10 7.1 
92 74 7.5 
92 90 9.6 
92 115 4.2 
93 27 3.8 
93 80 8.4 
93 132 4.8 
94 22 5.9 
94 25 5.3 
94 78 4.0 
94 147 3.5 
95 1 6.5 
96 104 3.5 
96 133 9.5 
97 101 4.0 
98 2 6.7 
98 11 5.8 
98 35 6.6 
98 36 5.2 
98 46 3.8 
98 67 3.3 
98 83 8.7 
98 126 3.0 
99 32 4.0 
99 53 9.5 
99 88 3.4 
100 26 6.5 
100 36 3.2 
100 96 4.6 
100 125 8.8 
101 14 4.2 
101 36 3.2 
101 67 9.9 
101 81 4.8 
101 89 5.3 
101 120 5.2 
102 19 5.3 
102 33 3.8 
102 78 5.2 
103 118 8.5 
104 31 6.6 
104 65 8.8 
104 76 9.6 
104 147 3.3 
105 58 6.2 
105 60 9.7 
105 77 6.9 
106 36 9.1 
106 42 7.6 
106 133 5.2 
107 7 6.9 
107 26 8.7 
107 95 5.7 
109 5 3.2 
109 32 7.4 
109 137 6.8 
110 27 4.9 
110 52 4.7 
111 50 8.2 
111 73 9.3 
111 74 7.7 
111 103 9.3 
111 139 4.3 
112 65 5.6 
113 1 9.5 
113 22 9.3 
113 63 6.2 
113 67 7.8 
113 142 6.2 
113 147 9.3 
114 57 7.6 
115 43 6.0 
115 47 6.8 
115 54 3.7 
115 58 7.7 
115 102 3.1 
115 139 4.9 
115 149 5.0 
115 150 7.9 
116 62 4.3 
117 3 5.1 
117 68 8.9 
117 69 3.9 
118 76 9.6 
118 123 6.4 
119 31 3.3 
119 50 3.9 
119 83 3.3 
119 91 6.6 
119 94 4.9 
119 113 7.3 
120 138 5.3 
120 142 9.8 
121 68 6.1 
122 29 7.9 
122 86 3.8 
122 144 5.4 
123 129 6.6 
124 36 3.7 
124 80 8.2 
124 84 5.1 
124 100 6.0 
124 136 3.5 
125 25 6.7 
125 107 5.0 
126 8 6.2 
126 23 3.9 
126 26 8.3 
127 67 7.8 
128 25 6.6 
128 111 5.5 
128 115 4.0 
129 18 6.2 
129 33 3.7 
129 49 9.7 
129 63 6.7 
129 94 8.2 
129 99 7.5 
129 137 6.6 
130 25 3.4 
130 88 4.2 
130 136 4.1 
131 5 6.6 
131 37 5.5 
131 63 5.5 
131 101 9.4 
132 20 5.4 
132 27 3.2 
132 55 4.0 
132 68 6.2 
132 84 8.1 
133 16 5.4 
133 64 6.3 
133 82 8.0 
134 58 4.6 
134 70 8.2 
134 141 7.6 
134 147 9.8 
135 4 5.8 
135 10 9.9 
135 45 9.1 
135 58 9.5 
135 88 5.2 
135 94 9.2 
135 111 7.1 
136 120 4.4 
138 35 4.7 
138 106 4.3 
139 62 6.3 
139 86 3.9 
140 40 3.8 
140 45 8.1 
140 52 3.4 
141 30 5.4 
141 47 4.5 
141 68 4.9 
141 71 9.8 
141 86 7.1 
141 138 9.5 
142 56 6.2 
142 69 9.5 
142 86 8.8 
142 89 7.4 
143 3 9.1 
143 26 6.9 
143 38 3.3 
143 136 5.1 
144 18 4.4 
144 57 8.5 
144 95 4.1 
145 11 4.0 
145 127 3.6 
146 6 3.3 
146 19 7.1 
146 74 4.2 
146 81 8.7 
146 137 6.1 
147 56 3.7 
147 59 6.0 
148 31 4.4 
148 39 9.0 
148 103 9.6 
148 142 7.5 
149 21 5.9 
149 60 8.7 
149 99 8.5 
149 101 5.3 
149 105 8.9 
150 11 7.3 
150 83 8.9 
150 126 3.5 
;
param: cost:=
1 48 5.2 
1 77 6.6 
1 101 7.2 
1 134 2.3 
2 130 6.1 
2 141 8.4 
3 46 2.9 
4 15 3.7 
4 102 1.2 
4 122 7.7 
5 52 3.0 
6 50 1.2 
6 66 8.9 
6 110 9.2 
7 19 8.8 
7 26 2.6 
7 36 6.8 
7 41 7.9 
7 89 7.3 
7 101 2.5 
8 33 9.1 
8 36 9.3 
8 54 5.9 
8 65 6.9 
8 66 6.7 
8 70 9.9 
8 87 1.6 
8 109 1.9 
8 114 7.3 
9 85 3.2 
9 126 3.7 
9 134 2.2 
9 145 6.5 
10 23 8.9 
10 134 3.8 
11 5 3.7 
11 39 3.5 
11 54 9.7 
11 103 9.3 
11 143 2.5 
12 110 5.5 
13 25 1.0 
13 31 7.1 
13 51 4.1 
13 105 9.6 
14 23 3.7 
14 61 2.9 
14 71 9.3 
14 80 4.7 
14 83 9.9 
14 106 6.3 
14 122 4.8 
14 138 4.1 
15 52 3.8 
15 93 6.8 
16 26 2.0 
16 29 9.4 
16 76 8.2 
16 103 5.1 
16 146 3.2 
17 34 1.3 
17 39 2.4 
17 75 2.3 
17 124 1.5 
18 46 6.2 
18 134 4.7 
18 143 9.7 
19 90 4.9 
19 114 6.1 
20 17 2.4 
20 34 5.6 
20 43 2.3 
20 77 1.5 
20 106 7.7 
20 111 5.2 
21 18 8.0 
21 36 7.9 
21 70 4.5 
22 23 3.2 
22 71 7.0 
22 75 9.1 
23 58 10.0 
24 6 9.7 
24 28 7.7 
24 62 5.8 
24 64 9.7 
24 87 1.7 
25 38 5.2 
25 106 1.6 
26 1 1.8 
26 25 6.7 
26 50 1.5 
26 91 9.9 
27 2 4.7 
27 29 5.3 
27 73 9.1 
27 79 7.9 
27 150 1.2 
28 67 8.9 
29 72 1.3 
30 8 3.7 
31 57 9.8 
31 65 3.1 
31 123 3.4 
31 126 3.4 
33 77 8.1 
33 107 4.5 
34 24 1.8 
34 50 4.2 
35 1 4.9 
35 8 3.0 
35 31 2.1 
35 50 2.4 
35 51 4.7 
35 62 9.1 
36 13 5.8 
36 38 7.6 
36 110 4.8 
37 61 2.8 
38 4 7.2 
38 19 2.3 
38 107 5.4 
38 109 1.7 
39 121 1.9 
40 47 7.8 
41 75 6.8 
41 98 6.5 
41 119 6.4 
41 120 3.1 
41 143 2.1 
42 118 9.4 
43 3 6.5 
43 7 2.6 
43 83 1.5 
43 117 7.4 
44 32 6.7 
44 45 9.4 
44 146 6.1 
45 4 6.8 
45 23 7.3 
45 148 5.4 
46 17 7.4 
47 118 1.3 
47 130 2.3 
47 149 5.5 
48 42 9.2 
48 63 3.1 
48 122 2.5 
49 23 8.9 
49 36 6.8 
49 92 7.0 
49 129 4.1 
49 145 9.6 
49 149 6.7 
50 20 6.7 
50 130 7.2 
51 60 7.0 
51 105 9.7 
51 106 5.1 
51 123 3.9 
51 128 4.9 
52 11 8.9 
52 67 7.4 
52 100 5.6 
53 40 4.9 
53 47 1.4 
53 48 9.2 
54 131 5.5 
55 38 7.1 
55 40 1.5 
55 80 7.3 
55 127 4.5 
56 44 4.4 
56 106 1.9 
56 120 7.3 
57 72 1.2 
58 44 8.9 
58 50 2.0 
58 64 3.7 
59 9 9.7 
59 45 8.4 
60 13 2.6 
61 16 5.0 
61 22 9.6 
61 108 3.0 
61 132 7.7 
61 145 6.6 
62 91 5.5 
62 114 6.3 
63 125 2.8 
64 1 3.7 
64 12 6.0 
64 50 3.7 
64 86 7.3 
64 91 9.2 
64 100 9.9 
65 16 4.5 
65 50 2.9 
65 71 4.5 
65 109 3.0 
65 125 2.4 
65 138 6.4 
65 149 4.2 
67 32 5.9 
67 124 3.5 
67 131 7.6 
68 133 4.6 
68 140 4.2 
69 9 1.2 
69 53 2.5 
70 5 7.0 
70 134 2.3 
71 57 5.4 
71 79 3.4 
71 104 4.5 
71 123 7.6 
72 7 2.4 
72 17 7.4 
72 35 3.2 
72 84 1.9 
72 148 8.2 
73 93 8.9 
74 39 5.2 
74 43 8.1 
75 58 6.1 
75 147 4.4 
76 4 3.8 
76 115 3.5 
76 120 6.8 
76 128 7.6 
77 135 1.5 
78 84 4.0 
78 88 4.0 
78 97 7.6 
79 52 1.7 
79 68 1.1 
79 113 8.8 
81 52 7.6 
81 134 9.6 
82 147 5.6 
83 85 1.2 
84 74 2.7 
84 77 5.9 
84 112 1.5 
85 51 2.7 
85 53 7.2 
85 68 5.4 
85 143 9.8 
86 48 9.1 
86 58 2.6 
86 143 7.6 
87 63 2.8 
87 108 1.9 
87 140 7.3 
87 146 2.1 
88 77 7.5 
88 101 6.4 
88 148 5.2 
89 8 2.0 
89 58 9.1 
89 147 4.4 
90 76 5.0 
90 129 4.0 
90 141 5.8 
91 19 10.0 
91 28 6.9 
91 38 7.2 
91 90 5.9 
91 134 4.6 
92 10 1.4 
92 74 9.7 
92 90 1.2 
92 115 5.0 
93 27 7.7 
93 80 3.2 
93 132 6.6 
94 22 7.6 
94 25 6.3 
94 78 2.8 
94 147 1.3 
95 1 7.1 
96 104 2.6 
96 133 5.6 
97 101 1.9 
98 2 4.2 
98 11 7.8 
98 35 2.2 
98 36 9.5 
98 46 3.6 
98 67 4.6 
98 83 7.5 
98 126 6.6 
99 32 3.0 
99 53 6.0 
99 88 6.9 
100 26 5.2 
100 36 4.9 
100 96 8.5 
100 125 6.4 
101 14 2.7 
101 36 7.4 
101 67 9.4 
101 81 9.3 
101 89 7.8 
101 120 7.6 
102 19 7.5 
102 33 9.5 
102 78 1.4 
103 118 5.2 
104 31 4.6 
104 65 1.1 
104 76 9.4 
104 147 7.1 
105 58 6.7 
105 60 3.4 
105 77 4.7 
106 36 3.0 
106 42 3.6 
106 133 4.1 
107 7 7.8 
107 26 1.6 
107 95 6.5 
109 5 8.7 
109 32 7.7 
109 137 1.2 
110 27 4.7 
110 52 8.3 
111 50 4.9 
111 73 2.9 
111 74 2.6 
111 103 1.4 
111 139 1.5 
112 65 3.6 
113 1 9.6 
113 22 4.1 
113 63 3.0 
113 67 3.4 
113 142 3.9 
113 147 10.0 
114 57 5.5 
115 43 3.3 
115 47 1.2 
115 54 5.7 
115 58 4.4 
115 102 6.8 
115 139 8.3 
115 149 5.4 
115 150 1.3 
116 62 9.5 
117 3 3.7 
117 68 5.1 
117 69 3.1 
118 76 4.5 
118 123 8.3 
119 31 2.4 
119 50 2.8 
119 83 8.8 
119 91 6.4 
119 94 5.7 
119 113 1.6 
120 138 9.6 
120 142 8.4 
121 68 4.3 
122 29 9.8 
122 86 5.2 
122 144 9.2 
123 129 2.1 
124 36 2.4 
124 80 3.9 
124 84 6.9 
124 100 1.8 
124 136 8.1 
125 25 6.3 
125 107 6.7 
126 8 6.0 
126 23 9.4 
126 26 1.5 
127 67 4.2 
128 25 1.3 
128 111 9.7 
128 115 5.0 
129 18 9.0 
129 33 9.4 
129 49 9.9 
129 63 7.9 
129 94 5.3 
129 99 7.2 
129 137 1.7 
130 25 7.1 
130 88 5.8 
130 136 5.5 
131 5 2.2 
131 37 3.1 
131 63 1.1 
131 101 4.1 
132 20 5.3 
132 27 6.2 
132 55 3.2 
132 68 1.2 
132 84 8.2 
133 16 2.9 
133 64 2.5 
133 82 9.6 
134 58 8.2 
134 70 3.5 
134 141 8.5 
134 147 9.6 
135 4 1.9 
135 10 8.3 
135 45 2.7 
135 58 4.9 
135 88 7.6 
135 94 5.0 
135 111 5.6 
136 120 4.5 
138 35 9.0 
138 106 6.8 
139 62 9.1 
139 86 1.3 
140 40 7.4 
140 45 4.3 
140 52 5.0 
141 30 5.0 
141 47 2.4 
141 68 4.6 
141 71 5.4 
141 86 7.7 
141 138 1.0 
142 56 8.3 
142 69 6.3 
142 86 2.8 
142 89 1.4 
143 3 4.2 
143 26 3.7 
143 38 4.5 
143 136 8.5 
144 18 4.7 
144 57 6.6 
144 95 6.9 
145 11 6.4 
145 127 7.3 
146 6 9.7 
146 19 2.5 
146 74 3.2 
146 81 9.9 
146 137 2.1 
147 56 9.0 
147 59 2.6 
148 31 5.3 
148 39 3.0 
148 103 2.1 
148 142 1.8 
149 21 9.9 
149 60 2.0 
149 99 6.2 
149 101 5.3 
149 105 3.1 
150 11 5.2 
150 83 8.4 
150 126 1.1 
;