param n := 25;
param s := 16;
param t := 3;
set A :=
1 7 
1 8 
1 15 
1 17 
1 19 
2 4 
2 11 
2 15 
2 19 
4 5 
4 8 
5 6 
5 9 
5 11 
5 17 
6 7 
6 18 
6 20 
6 22 
7 1 
8 1 
8 3 
8 9 
8 13 
8 17 
9 6 
9 22 
9 24 
10 8 
10 14 
10 20 
10 21 
10 23 
11 14 
12 7 
12 10 
13 18 
13 22 
14 2 
14 12 
15 7 
16 2 
16 14 
17 1 
17 9 
17 13 
18 7 
19 22 
20 2 
20 7 
21 12 
21 13 
21 23 
22 5 
22 9 
22 12 
22 15 
22 23 
23 3 
23 10 
23 12 
23 25 
24 4 
24 7 
24 11 
25 5 
25 17 
;
param: capacity:=
1 7 8.0 
1 8 3.8 
1 15 9.8 
1 17 5.1 
1 19 3.8 
2 4 7.5 
2 11 5.7 
2 15 3.9 
2 19 5.7 
4 5 3.6 
4 8 7.7 
5 6 8.8 
5 9 5.4 
5 11 5.5 
5 17 8.7 
6 7 8.7 
6 18 9.5 
6 20 6.9 
6 22 4.2 
7 1 4.3 
8 1 6.1 
8 3 4.4 
8 9 3.3 
8 13 7.0 
8 17 4.0 
9 6 7.8 
9 22 5.0 
9 24 3.7 
10 8 5.4 
10 14 5.6 
10 20 5.4 
10 21 4.6 
10 23 4.5 
11 14 8.2 
12 7 3.0 
12 10 7.1 
13 18 5.9 
13 22 7.2 
14 2 4.1 
14 12 4.9 
15 7 6.2 
16 2 7.9 
16 14 9.1 
17 1 8.0 
17 9 8.6 
17 13 4.1 
18 7 4.9 
19 22 6.1 
20 2 9.9 
20 7 7.8 
21 12 8.3 
21 13 3.9 
21 23 3.7 
22 5 7.0 
22 9 8.0 
22 12 6.6 
22 15 9.5 
22 23 3.8 
23 3 3.5 
23 10 3.6 
23 12 3.0 
23 25 5.1 
24 4 4.8 
24 7 3.0 
24 11 6.7 
25 5 4.5 
25 17 8.8 
;
param: cost:=
1 7 1.3 
1 8 4.6 
1 15 1.4 
1 17 3.4 
1 19 1.2 
2 4 5.7 
2 11 1.7 
2 15 5.3 
2 19 4.4 
4 5 2.4 
4 8 8.3 
5 6 2.8 
5 9 5.1 
5 11 5.1 
5 17 9.4 
6 7 9.6 
6 18 1.0 
6 20 9.7 
6 22 9.5 
7 1 1.3 
8 1 6.0 
8 3 3.4 
8 9 5.2 
8 13 7.3 
8 17 3.0 
9 6 8.5 
9 22 9.2 
9 24 2.9 
10 8 7.0 
10 14 7.8 
10 20 6.0 
10 21 1.1 
10 23 2.2 
11 14 1.1 
12 7 8.2 
12 10 5.8 
13 18 8.4 
13 22 8.1 
14 2 8.8 
14 12 5.3 
15 7 4.7 
16 2 9.4 
16 14 9.4 
17 1 1.1 
17 9 9.9 
17 13 2.2 
18 7 1.1 
19 22 9.3 
20 2 9.6 
20 7 3.3 
21 12 1.7 
21 13 6.7 
21 23 6.0 
22 5 7.8 
22 9 4.2 
22 12 9.9 
22 15 3.2 
22 23 4.0 
23 3 4.8 
23 10 5.7 
23 12 5.0 
23 25 9.9 
24 4 5.9 
24 7 3.8 
24 11 8.4 
25 5 1.2 
25 17 7.0 
;